n = 1
(1,) lcm = 1
n = 2
(2,) odd
(1, 1) lcm = 1
n = 3
(3,) lcm = 3
(1, 2) odd
(1, 1, 1) lcm = 1
n = 4
(4,) odd
(1, 3) lcm = 3
(2, 2) lcm = 2
(1, 1, 2) odd
(1, 1, 1, 1) lcm = 1
n = 5
(5,) lcm = 5
(1, 4) odd
(2, 3) odd
(1, 1, 3) lcm = 3
(1, 2, 2) lcm = 2
(1, 1, 1, 2) odd
(1, 1, 1, 1, 1) lcm = 1
n = 6
(6,) odd
(3, 3) lcm = 3
(1, 5) lcm = 5
(2, 4) lcm = 4
(2, 2, 2) odd
(1, 2, 3) odd
(1, 1, 4) odd
(1, 1, 2, 2) lcm = 2
(1, 1, 1, 3) lcm = 3
(1, 1, 1, 1, 2) odd
(1, 1, 1, 1, 1, 1) lcm = 1
n = 7
(7,) lcm = 7
(2, 5) odd
(1, 6) odd
(3, 4) odd
(2, 2, 3) lcm = 6
(1, 1, 5) lcm = 5
(1, 2, 4) lcm = 4
(1, 3, 3) lcm = 3
(1, 1, 1, 4) odd
(1, 1, 2, 3) odd
(1, 2, 2, 2) odd
(1, 1, 1, 1, 3) lcm = 3
(1, 1, 1, 2, 2) lcm = 2
(1, 1, 1, 1, 1, 2) odd
(1, 1, 1, 1, 1, 1, 1) lcm = 1
n = 8
(8,) odd
(4, 4) lcm = 4
(1, 7) lcm = 7
(2, 6) lcm = 6
(3, 5) lcm = 15
(1, 1, 6) odd
(2, 2, 4) odd
(2, 3, 3) odd
(1, 2, 5) odd
(1, 3, 4) odd
(2, 2, 2, 2) lcm = 2
(1, 1, 1, 5) lcm = 5
(1, 1, 3, 3) lcm = 3
(1, 1, 2, 4) lcm = 4
(1, 2, 2, 3) lcm = 6
(1, 1, 1, 2, 3) odd
(1, 1, 2, 2, 2) odd
(1, 1, 1, 1, 4) odd
(1, 1, 1, 1, 2, 2) lcm = 2
(1, 1, 1, 1, 1, 3) lcm = 3
(1, 1, 1, 1, 1, 1, 2) odd
(1, 1, 1, 1, 1, 1, 1, 1) lcm = 1
n = 9
(9,) lcm = 9
(3, 6) odd
(4, 5) odd
(2, 7) odd
(1, 8) odd
(1, 1, 7) lcm = 7
(2, 2, 5) lcm = 10
(1, 4, 4) lcm = 4
(3, 3, 3) lcm = 3
(1, 2, 6) lcm = 6
(1, 3, 5) lcm = 15
(2, 3, 4) lcm = 12
(1, 1, 3, 4) odd
(1, 1, 2, 5) odd
(1, 2, 2, 4) odd
(1, 2, 3, 3) odd
(1, 1, 1, 6) odd
(2, 2, 2, 3) odd
(1, 2, 2, 2, 2) lcm = 2
(1, 1, 2, 2, 3) lcm = 6
(1, 1, 1, 1, 5) lcm = 5
(1, 1, 1, 2, 4) lcm = 4
(1, 1, 1, 3, 3) lcm = 3
(1, 1, 1, 2, 2, 2) odd
(1, 1, 1, 1, 2, 3) odd
(1, 1, 1, 1, 1, 4) odd
(1, 1, 1, 1, 1, 2, 2) lcm = 2
(1, 1, 1, 1, 1, 1, 3) lcm = 3
(1, 1, 1, 1, 1, 1, 1, 2) odd
(1, 1, 1, 1, 1, 1, 1, 1, 1) lcm = 1
n = 10
(10,) odd
(2, 8) lcm = 8
(3, 7) lcm = 21
(5, 5) lcm = 5
(1, 9) lcm = 9
(4, 6) lcm = 12
(2, 3, 5) odd
(1, 4, 5) odd
(1, 1, 8) odd
(3, 3, 4) odd
(2, 4, 4) odd
(2, 2, 6) odd
(1, 3, 6) odd
(1, 2, 7) odd
(1, 1, 1, 7) lcm = 7
(1, 3, 3, 3) lcm = 3
(1, 1, 3, 5) lcm = 15
(2, 2, 3, 3) lcm = 6
(1, 2, 2, 5) lcm = 10
(2, 2, 2, 4) lcm = 4
(1, 2, 3, 4) lcm = 12
(1, 1, 4, 4) lcm = 4
(1, 1, 2, 6) lcm = 6
(2, 2, 2, 2, 2) odd
(1, 1, 2, 3, 3) odd
(1, 2, 2, 2, 3) odd
(1, 1, 2, 2, 4) odd
(1, 1, 1, 2, 5) odd
(1, 1, 1, 3, 4) odd
(1, 1, 1, 1, 6) odd
(1, 1, 1, 2, 2, 3) lcm = 6
(1, 1, 2, 2, 2, 2) lcm = 2
(1, 1, 1, 1, 3, 3) lcm = 3
(1, 1, 1, 1, 2, 4) lcm = 4
(1, 1, 1, 1, 1, 5) lcm = 5
(1, 1, 1, 1, 1, 2, 3) odd
(1, 1, 1, 1, 2, 2, 2) odd
(1, 1, 1, 1, 1, 1, 4) odd
(1, 1, 1, 1, 1, 1, 1, 3) lcm = 3
(1, 1, 1, 1, 1, 1, 2, 2) lcm = 2
(1, 1, 1, 1, 1, 1, 1, 1, 2) odd
(1, 1, 1, 1, 1, 1, 1, 1, 1, 1) lcm = 1
